Na: 3302.369, 3302.978, 5889.9510, 5895.9242
K: 4044.14, 4047.21
C3_R: 4051.259, 4051.063, 4050.862, 4050.666, 4050.489, 4050.333, 4050.197, 4050.080
C3_Q: 4051.459, 4051.514, 4051.584, 4051.675, 4051.788, 4051.925, 4052.084
C3_P: 4051.684, 4052.053, 4052.417, 4052.787, 4053.174, 4053.577, 4054.005
C3_perturb: 4051.742, 7052.135, 7052.532, 4051.401, 4051.203, 4050.753, 4050.580, 4050.413
C2_2-0_R: 8757.686, 8753.949, 8751.682, 8750.848
C2_2-0_Q: 8761.194, 8763.751, 8767.759, 8773.221
C2_2-0_P: 8766.031, 8782.308
C2_3-0_R: 7719.329, 7716.528, 7714.944, 7714.575
C2_3-0_Q: 7722.095, 7724.219, 7727.557, 7732.117
C2_3-0_P: 7725.819, 7731.663, 7738.737
C3_100-000_R: 3879.952, 3880.132, 3880.336, 3880.563
C3_100-100_Q: 3880.705, 3880.750, 3880.820, 3880.953
C3_100-100_P: 3880.953, 3881.243
C3_02m0-000_R: 3991.840, 3992.070, 3992.317, 3992.575
C3_02m0-000_Qe: 3992.65
C3_02p0-000_R: 3915.246, 3915.435, 3915.649, 3915.884
C3_02p0-000_Qe: 3916.02
C3_02p0-000_P: 3916.573, 3916.890, 3917.225
C3_04m0-000_R: 3928.672, 3928.917, 3929.168, 3929.425
C3_04m0-000_Qe: 3929.6
C3_04p0-000_R: 3801.021, 3801.239, 3801.485
C3_04p0-000_Qe: 3801.64
C3_002-000_R: 3793.864, 3794.030, 3794.215, 3794.426
C3_002-000_Q: 3794.567, 3794.616, 3794.689
C3_002-000_P: 3795.081
C3_R: 4051.055, 4050.857, 4050.661, 4050.484
C3_Q: 4051.448, 4051.506, 4051.578, 4051.782
C3_P: 4051.820, 4052.045, 4052.412, 4052.782
